image: fbm2h_map.pgm
resolution: 0.100000
origin: [-10.200000, -23.8000, 0.800000]
negate: 0
occupied_thresh: 0.65
free_thresh: 0.196

